@<TRIPOS>MOLECULE
mol_855_AKC_OUB
 85 90 0 0 0
SMALL
GASTEIGER

@<TRIPOS>ATOM
      1 C         -58.3830   83.0450  -48.4230 C.3     1  UNL1        0.0683
      2 C         -59.5850   82.1370  -48.1510 C.3     1  UNL1        0.0004
      3 C         -59.2280   81.2020  -47.0110 C.3     1  UNL1        0.0668
      4 C         -58.0680   80.3240  -47.4350 C.3     1  UNL1        0.0032
      5 C         -56.8520   81.1650  -47.8350 C.3     1  UNL1        0.0788
      6 C         -55.7500   80.1990  -48.2360 C.3     1  UNL1       -0.0229
      7 C         -56.1230   79.5240  -49.5440 C.3     1  UNL1       -0.0446
      8 C         -56.2780   80.5990  -50.6250 C.3     1  UNL1       -0.0056
      9 C         -57.3930   81.6310  -50.3170 C.3     1  UNL1        0.0032
     10 C         -57.1500   82.2530  -48.9050 C.3     1  UNL1        0.0540
     11 C         -57.5600   82.6150  -51.5090 C.3     1  UNL1        0.0598
     12 C         -57.7410   81.8590  -52.8180 C.3     1  UNL1       -0.0180
     13 C         -56.5390   80.9830  -53.1540 C.3     1  UNL1        0.0065
     14 C         -56.2440   79.9740  -52.0300 C.3     1  UNL1        0.0753
     15 C         -57.2250   78.8250  -52.2460 C.3     1  UNL1       -0.0226
     16 C         -57.4390   78.7510  -53.7480 C.3     1  UNL1       -0.0426
     17 C         -56.9570   80.0790  -54.3210 C.3     1  UNL1       -0.0014
     18 C         -55.3500   81.9110  -53.4430 C.3     1  UNL1       -0.0563
     19 C         -55.9110   83.1690  -49.0120 C.3     1  UNL1        0.0552
     20 C         -55.8840   79.8370  -55.3460 C.2     1  UNL1        0.0124
     21 C         -54.6350   78.9880  -55.1290 C.3     1  UNL1        0.1316
     22 C         -55.9320   80.4240  -56.5450 C.1     1  UNL1       -0.0840
     23 C         -54.7500   79.9410  -57.2640 C.1     1  UNL1        0.2423
     24 C         -58.7570   81.6290  -44.5850 C.3     1  UNL1        0.1881
     25 C         -59.3100   82.7470  -43.6970 C.3     1  UNL1        0.1341
     26 C         -60.8200   82.9260  -43.8920 C.3     1  UNL1        0.1140
     27 C         -61.6370   81.6630  -43.6320 C.3     1  UNL1        0.1095
     28 C         -60.9740   80.5060  -44.3800 C.3     1  UNL1        0.0873
     29 C         -61.4510   79.2020  -43.7690 C.3     1  UNL1       -0.0361
     30 O         -58.0900   83.7960  -47.2290 O.3     1  UNL1       -0.3910
     31 O         -58.8400   82.0760  -45.9420 O.3     1  UNL1       -0.3452
     32 O         -56.3710   81.8530  -46.6810 O.3     1  UNL1       -0.3878
     33 O         -58.6570   83.5430  -51.4300 O.3     1  UNL1       -0.3915
     34 O         -54.9480   79.3860  -52.1840 O.3     1  UNL1       -0.3877
     35 O         -56.2670   84.5600  -49.0510 O.3     1  UNL1       -0.3943
     36 O         -53.9290   79.1650  -56.3590 O.3     1  UNL1       -0.4213
     37 O         -54.4730   80.1460  -58.4360 O.2     1  UNL1       -0.1967
     38 O         -58.9880   82.5010  -42.3190 O.3     1  UNL1       -0.3841
     39 O         -61.2360   84.0780  -43.1280 O.3     1  UNL1       -0.3864
     40 O         -62.9740   81.9160  -44.1100 O.3     1  UNL1       -0.3866
     41 O         -59.5210   80.4380  -44.3680 O.3     1  UNL1       -0.3431
     42 H         -58.6610   83.7495  -49.2069 H       1  UNL1        0.0601
     43 H         -59.8180   81.5569  -49.0439 H       1  UNL1        0.0315
     44 H         -60.4469   82.7431  -47.8721 H       1  UNL1        0.0315
     45 H         -60.0873   80.5962  -46.7234 H       1  UNL1        0.0599
     46 H         -58.3751   79.7164  -48.2863 H       1  UNL1        0.0318
     47 H         -57.7939   79.6690  -46.6080 H       1  UNL1        0.0318
     48 H         -54.8155   80.7457  -48.3625 H       1  UNL1        0.0293
     49 H         -55.6275   79.4442  -47.4592 H       1  UNL1        0.0293
     50 H         -55.3384   78.8245  -49.8324 H       1  UNL1        0.0270
     51 H         -57.0645   78.9881  -49.4235 H       1  UNL1        0.0270
     52 H         -55.3547   81.1752  -50.5650 H       1  UNL1        0.0332
     53 H         -58.3239   81.0679  -50.2496 H       1  UNL1        0.0337
     54 H         -56.6413   83.1962  -51.5881 H       1  UNL1        0.0596
     55 H         -58.6241   81.2253  -52.7369 H       1  UNL1        0.0296
     56 H         -57.8927   82.5770  -53.6240 H       1  UNL1        0.0296
     57 H         -56.8045   77.8904  -51.8748 H       1  UNL1        0.0293
     58 H         -58.1683   79.0377  -51.7429 H       1  UNL1        0.0293
     59 H         -58.4962   78.6067  -53.9707 H       1  UNL1        0.0272
     60 H         -56.8553   77.9313  -54.1670 H       1  UNL1        0.0272
     61 H         -57.8002   80.5516  -54.8247 H       1  UNL1        0.0359
     62 H         -55.2700   82.9948  -48.1477 H       1  UNL1        0.0564
     63 H         -55.3607   82.9177  -49.9187 H       1  UNL1        0.0564
     64 H         -54.0520   79.3527  -54.2833 H       1  UNL1        0.0762
     65 H         -54.9026   77.9409  -54.9874 H       1  UNL1        0.0762
     66 H         -56.6833   81.1098  -56.9078 H       1  UNL1        0.1202
     67 H         -57.7143   81.4432  -44.3273 H       1  UNL1        0.0937
     68 H         -58.8239   83.6771  -43.9914 H       1  UNL1        0.0671
     69 H         -60.9687   83.1803  -44.9414 H       1  UNL1        0.0648
     70 H         -61.6595   81.4493  -42.5634 H       1  UNL1        0.0646
     71 H         -61.3051   80.5371  -45.4180 H       1  UNL1        0.0621
     72 H         -57.5912   84.5831  -47.4598 H       1  UNL1        0.2098
     73 H         -56.9746   82.5654  -46.4579 H       1  UNL1        0.2102
     74 H         -55.5102   85.0914  -48.7930 H       1  UNL1        0.2094
     75 H         -60.9876   78.3647  -44.2908 H       1  UNL1        0.0255
     76 H         -62.5348   79.1326  -43.8617 H       1  UNL1        0.0255
     77 H         -61.1738   79.1717  -42.7153 H       1  UNL1        0.0255
     78 H         -54.4724   81.3126  -53.6873 H       1  UNL1        0.0236
     79 H         -55.1414   82.5188  -52.5625 H       1  UNL1        0.0236
     80 H         -55.5923   82.5608  -54.2839 H       1  UNL1        0.0236
     81 H         -58.3586   84.3564  -51.0165 H       1  UNL1        0.2098
     82 H         -54.5393   79.2808  -51.3217 H       1  UNL1        0.2102
     83 H         -58.0344   82.4634  -42.2152 H       1  UNL1        0.2101
     84 H         -62.1808   84.2096  -43.2355 H       1  UNL1        0.2100
     85 H         -63.5193   81.1398  -43.9625 H       1  UNL1        0.2100
@<TRIPOS>BOND
     1     1     2    1
     2     1    10    1
     3     1    30    1
     4     1    42    1
     5     2     3    1
     6     3     4    1
     7     3    31    1
     8     3    45    1
     9     4     5    1
    10     5     6    1
    11     5    10    1
    12     5    32    1
    13     6     7    1
    14     7     8    1
    15     8     9    1
    16     8    14    1
    17     8    52    1
    18     9    10    1
    19     9    11    1
    20     9    53    1
    21    10    19    1
    22    11    12    1
    23    11    33    1
    24    11    54    1
    25    12    13    1
    26    13    14    1
    27    13    17    1
    28    13    18    1
    29    14    15    1
    30    14    34    1
    31    15    16    1
    32    16    17    1
    33    17    20    1
    34    17    61    1
    35    19    35    1
    36    20    21    1
    37    20    22    2
    38    21    36    1
    39    22    23    2
    40    23    36    1
    41    23    37    2
    42    24    25    1
    43    24    31    1
    44    24    41    1
    45    24    67    1
    46    25    26    1
    47    25    38    1
    48    25    68    1
    49    26    27    1
    50    26    39    1
    51    26    69    1
    52    27    28    1
    53    27    40    1
    54    27    70    1
    55    28    29    1
    56    28    41    1
    57    28    71    1
    58    43     2    1
    59    44     2    1
    60    46     4    1
    61    47     4    1
    62    48     6    1
    63    49     6    1
    64    50     7    1
    65    51     7    1
    66    55    12    1
    67    56    12    1
    68    57    15    1
    69    58    15    1
    70    59    16    1
    71    60    16    1
    72    62    19    1
    73    63    19    1
    74    64    21    1
    75    65    21    1
    76    66    22    1
    77    72    30    1
    78    73    32    1
    79    74    35    1
    80    75    29    1
    81    76    29    1
    82    77    29    1
    83    78    18    1
    84    79    18    1
    85    80    18    1
    86    81    33    1
    87    82    34    1
    88    83    38    1
    89    84    39    1
    90    85    40    1
