* XYZR
       37
    6.48     0.09    -0.10     1.70        C 
    5.23     0.93    -0.10     1.70        C 
    5.27     2.10     0.25     1.52        O 
    4.07     0.33    -0.46     1.55        N 
    2.75     0.87    -0.46     1.70        C 
    1.74    -0.06    -0.58     1.70        C 
    0.42     0.30    -0.55     1.70        C 
   -0.47    -0.69    -0.61     1.55        N 
   -1.79    -0.48    -0.55     1.70        C 
   -2.31     0.82    -0.45     1.70        C 
   -3.71     0.96    -0.37     1.70        C 
   -4.54    -0.19    -0.38     1.70        C 
   -3.97    -1.49    -0.48     1.70        C 
   -4.78    -2.68    -0.41     1.55        N 
   -4.36    -3.93    -0.79     1.70        C 
   -5.16    -5.15    -0.44     1.70        C 
   -3.33    -4.10    -1.42     1.52        O 
   -2.59    -1.59    -0.56     1.70        C 
   -1.39     1.91    -0.39     1.70        C 
    0.01     1.63    -0.42     1.70        C 
    1.02     2.62    -0.32     1.70        C 
    2.39     2.25    -0.33     1.70        C 
    6.32    -0.78     0.58     1.20        H 
    6.67    -0.31    -1.12     1.20        H 
    7.37     0.65     0.25     1.20        H 
    4.15    -0.67    -0.70     1.10        H 
    1.98    -1.11    -0.67     1.20        H 
   -4.16     1.94    -0.29     1.20        H 
   -5.62    -0.08    -0.30     1.20        H 
   -5.72    -2.59     0.01     1.10        H 
   -5.22    -5.23     0.66     1.20        H 
   -6.18    -5.09    -0.88     1.20        H 
   -4.65    -6.06    -0.82     1.20        H 
   -2.07    -2.53    -0.58     1.20        H 
   -1.75     2.92    -0.29     1.20        H 
    0.75     3.67    -0.22     1.20        H 
    3.14     3.02    -0.24     1.20        H 
