Run semi-empirical minimization
 &qmmm
    qm_theory='AM1', grms_tol=0.0005,
 scfconv=1.d-10, ndiis_attempts=700,   qmcharge=0,
 /
   9    F1       -7.0000       -2.8060       -0.4570 
   6    C1       -5.9750       -1.9280       -0.3290 
   6    C2       -6.1140       -0.8040        0.4850 
   6    C3       -5.0580        0.1030        0.6240 
   6    C4       -3.8400       -0.1040       -0.0540 
   6    C5       -3.7200       -1.2480       -0.8750 
   6    C6       -4.7790       -2.1490       -1.0090 
   6    C7       -2.6640        0.8150        0.0670 
   6    C8       -2.4860        2.0040        0.8060 
  53    I1       -3.8040        3.0900        2.0790 
   7    N1       -1.2180        2.4080        0.5990 
   6    C9       -0.5320        3.4730        1.0900 
   6   C10        0.8130        3.6190        0.7160 
   7    N2        1.3880        2.7010       -0.1210 
   6   C11        0.6750        1.6450       -0.6160 
   7    N3        1.2780        0.6940       -1.4860 
   6   C12        2.7150        0.5010       -1.5010 
   7    N4        3.1420       -0.2880       -0.3230 
   6   C13        2.5430       -1.6430       -0.3360 
   6   C14        3.0570       -2.4580        0.8590 
   8    O1        4.4670       -2.5640        0.8180 
   6   C15        5.0400       -1.2730        0.9080 
   6   C16        4.6130       -0.4080       -0.2900 
   6   C17       -0.6590        1.5200       -0.2300 
   7    N5       -1.5040        0.5380       -0.5800 
   1    H1       -7.0430       -0.6350        1.0150 
   1    H2       -5.2120        0.9440        1.2620 
   1    H3       -2.8010       -1.4500       -1.4120 
   1    H4       -4.6670       -3.0220       -1.6400 
   1    H5       -0.9980        4.1840        1.7590 
   1    H6        1.3960        4.4500        1.0900 
   1    H7        0.6920       -0.0720       -1.8500 
   1    H8        3.2230        1.4920       -1.5170 
   1    H9        3.0010       -0.0190       -2.4430 
   1   H10        2.8330        0.2140        0.5450 
   1   H11        2.8130       -2.1760       -1.2760 
   1   H12        1.4350       -1.5900       -0.2660 
   1   H13        2.6200       -3.4780        0.8070 
   1   H14        2.7220       -2.0110        1.8220 
   1   H15        6.1450       -1.3750        0.9010 
   1   H16        4.7640       -0.7870        1.8720 
   1   H17        4.9850       -0.8870       -1.2250 
   1   H18        5.0840        0.5960       -0.1980 

